00010000000000010000000000001100 0 0 00000000000000000000000000000000 00000000010000000000000000011000
00010000000000010000000000011100 0 0 00000000000000000000000000000111 00000000010000000000000000011100
01000000000000000000000000000000 0 0 00000000000000000000000000000000 00000000010000000000000000100000
00111111111111111111111111111111 0 0 00000000000000000000000000000000 00000000010000000000000000100100
00000000000000000000000000000111 0 0 00000000000000000000000000000000 00000000010000000000000000101000
00010000000000010000000000000000 0 1 00000000000000000000000000000000 00000000010000000000000000101000
00010000000000010000000000000000 0 0 00000000000000000000000000000000 00000000010000000000000000101100
00000000000000000000000000001010 0 0 00000000000000000000000000000000 00000000010000000000000000110000
00010000000000010000000000000100 0 0 00010000000000010000000000000000 00000000010000000000000000110100
00000000000000000000000000000110 0 0 00000000000000000000000000000000 00000000010000000000000000111000
00000000000000000000000000000001 0 0 00111111111111111111111111111111 00000000010000000000000000111100
00000000000000000000000000000001 0 0 00000000000000000000000000000000 00000000010000000000000001000000
00000000000000000000000000001010 0 0 00000000000000000000000000000000 00000000010000000000000001000100
11111110000111111111000000000000 0 0 00000000000000000000000000000000 00000000010000000000000001001000
00000000000000000000000000000000 0 0 00000000000000000000000000000000 00000000010000000000000000011100
00000000000000000000000000000000 0 0 00000000000000000000000000000000 00000000010000000000000000100000
00000000000000000000000000000000 0 0 00000000000000000000000000000000 00000000010000000000000000100100
00000000000000000000000000000110 0 0 00000000000000000000000000000000 00000000010000000000000000101000
00010000000000010000000000000100 0 1 00000000000000000000000000000000 00000000010000000000000000101000
00010000000000010000000000000100 0 0 00000000000000000000000000000000 00000000010000000000000000101100
00000000000000000000000000101111 0 0 00000000000000000000000000000000 00000000010000000000000000110000
00010000000000010000000000001000 0 0 00010000000000010000000000000100 00000000010000000000000000110100
00000000000000000000000000000101 0 0 00000000000000000000000000000000 00000000010000000000000000111000
00000000000000000000000000000000 0 0 00000000000000000000000000001010 00000000010000000000000000111100
00000000000000000000000000000000 0 0 00000000000000000000000000000000 00000000010000000000000001000000
00000000000000000000000000101111 0 0 00000000000000000000000000000000 00000000010000000000000000011100
11111110000111111111000000000000 0 0 00000000010000000000000001000000 00000000010000000000000000100000
00000000000000000000000000000000 0 0 00000000000000000000000000000000 00000000010000000000000000100100
00000000000000000000000000000101 0 0 00000000000000000000000000000000 00000000010000000000000000101000
00010000000000010000000000001000 0 1 00000000000000000000000000000000 00000000010000000000000000101000
00010000000000010000000000001000 0 0 00000000000000000000000000000000 00000000010000000000000000101100
00000000000000000000000000010110 0 0 00000000000000000000000000000000 00000000010000000000000000110000
00010000000000010000000000001100 0 0 00010000000000010000000000001000 00000000010000000000000000110100
00000000000000000000000000000100 0 0 00000000000000000000000000000000 00000000010000000000000000111000
00000000000000000000000000000000 0 0 00000000000000000000000000001010 00000000010000000000000000111100
00000000000000000000000000000000 0 0 00000000000000000000000000000000 00000000010000000000000001000000
00000000000000000000000000010110 0 0 00000000000000000000000000000000 00000000010000000000000000011100
11111110000111111111000000000000 0 0 00000000010000000000000001000000 00000000010000000000000000100000
00000000000000000000000000000000 0 0 00000000000000000000000000000000 00000000010000000000000000100100
00000000000000000000000000000100 0 0 00000000000000000000000000000000 00000000010000000000000000101000
00010000000000010000000000001100 0 1 00000000000000000000000000000000 00000000010000000000000000101000
00010000000000010000000000001100 0 0 00000000000000000000000000000000 00000000010000000000000000101100
00000000000000000000000000000011 0 0 00000000000000000000000000000000 00000000010000000000000000110000
00010000000000010000000000010000 0 0 00010000000000010000000000001100 00000000010000000000000000110100
00000000000000000000000000000011 0 0 00000000000000000000000000000000 00000000010000000000000000111000
00000000000000000000000000000001 0 0 00000000000000000000000000001010 00000000010000000000000000111100
00000000000000000000000000000001 0 0 00000000000000000000000000000000 00000000010000000000000001000000
00000000000000000000000000000011 0 0 00000000000000000000000000000000 00000000010000000000000001000100
11111110000111111111000000000000 0 0 00000000010000000000000001000000 00000000010000000000000001001000
00000000000000000000000000000000 0 0 00000000000000000000000000000000 00000000010000000000000000011100
00000000000000000000000000000000 0 0 00000000000000000000000000000000 00000000010000000000000000100000
00000000000000000000000000000000 0 0 00000000000000000000000000000000 00000000010000000000000000100100
00000000000000000000000000000011 0 0 00000000000000000000000000000000 00000000010000000000000000101000
00010000000000010000000000010000 0 1 00000000000000000000000000000000 00000000010000000000000000101000
00010000000000010000000000010000 0 0 00000000000000000000000000000000 00000000010000000000000000101100
00000000000000000000000000001111 0 0 00000000000000000000000000000000 00000000010000000000000000110000
00010000000000010000000000010100 0 0 00010000000000010000000000010000 00000000010000000000000000110100
00000000000000000000000000000010 0 0 00000000000000000000000000000000 00000000010000000000000000111000
00000000000000000000000000000000 0 0 00000000000000000000000000000011 00000000010000000000000000111100
00000000000000000000000000000000 0 0 00000000000000000000000000000000 00000000010000000000000001000000
00000000000000000000000000001111 0 0 00000000000000000000000000000000 00000000010000000000000000011100
11111110000111111111000000000000 0 0 00000000010000000000000001000000 00000000010000000000000000100000
00000000000000000000000000000000 0 0 00000000000000000000000000000000 00000000010000000000000000100100
00000000000000000000000000000010 0 0 00000000000000000000000000000000 00000000010000000000000000101000
00010000000000010000000000010100 0 1 00000000000000000000000000000000 00000000010000000000000000101000
00010000000000010000000000010100 0 0 00000000000000000000000000000000 00000000010000000000000000101100
00000000000000000000000000011011 0 0 00000000000000000000000000000000 00000000010000000000000000110000
00010000000000010000000000011000 0 0 00010000000000010000000000010100 00000000010000000000000000110100
00000000000000000000000000000001 0 0 00000000000000000000000000000000 00000000010000000000000000111000
00000000000000000000000000000000 0 0 00000000000000000000000000000011 00000000010000000000000000111100
00000000000000000000000000000000 0 0 00000000000000000000000000000000 00000000010000000000000001000000
00000000000000000000000000011011 0 0 00000000000000000000000000000000 00000000010000000000000000011100
11111110000111111111000000000000 0 0 00000000010000000000000001000000 00000000010000000000000000100000
00000000000000000000000000000000 0 0 00000000000000000000000000000000 00000000010000000000000000100100
00000000000000000000000000000001 0 0 00000000000000000000000000000000 00000000010000000000000000101000
00010000000000010000000000011000 0 1 00000000000000000000000000000000 00000000010000000000000000101000
00010000000000010000000000011000 0 0 00000000000000000000000000000000 00000000010000000000000000101100
00000000000000000000000000000100 0 0 00000000000000000000000000000000 00000000010000000000000000110000
00010000000000010000000000011100 0 0 00010000000000010000000000011000 00000000010000000000000000110100
00000000000000000000000000000000 0 0 00000000000000000000000000000000 00000000010000000000000000111000
00000000000000000000000000000000 0 0 00000000000000000000000000000011 00000000010000000000000000111100
00000000000000000000000000000000 0 0 00000000000000000000000000000000 00000000010000000000000001000000
00000000000000000000000000000100 0 0 00000000000000000000000000000000 00000000010000000000000000011100
11111110000111111111000000000000 0 0 00000000010000000000000001000000 00000000010000000000000000100000
00000000000000000000000000000000 0 0 00000000000000000000000000000000 00000000010000000000000000100100
00000000000000000000000000000000 0 0 00000000000000000000000000000000 00000000010000000000000000101000
00010000000000010000000000011100 0 0 00000000000000000000000000000000 00000000010000000000000001000000
00010000000000010000000000011100 0 0 00000000000000000000000000000000 00000000010000000000000001000100
00000000000000000000000000000000 0 0 00000000000000000000000000000000 00000000010000000000000001001000
00010000000000010000000000011100 1 0 00000000000000000000000000000011 00000000010000000000000001001100
00000000000000000000000000000000 0 0 00000000000000000000000000000000 00000000010000000000000001010000
00000000000000000000000000000000 0 0 00000000000000000000000000000000 00000000010000000000000001000100
00000000000000000000000000000000 0 0 00000000000000000000000000000000 00000000010000000000000001001000
00000000000000000000000000000000 0 0 00000000000000000000000000000000 00000000010000000000000001001100
00000000000000000000000000000000 0 0 00000000000000000000000000000000 00000000010000000000000001010000
00000000000000000000000000000000 0 0 00000000000000000000000000000000 00000000010000000000000001000100
00000000000000000000000000000000 0 0 00000000000000000000000000000000 00000000010000000000000001001000
00000000000000000000000000000000 0 0 00000000000000000000000000000000 00000000010000000000000001001100
00000000000000000000000000000000 0 0 00000000000000000000000000000000 00000000010000000000000001010000
00000000000000000000000000000000 0 0 00000000000000000000000000000000 00000000010000000000000001000100
00000000000000000000000000000000 0 0 00000000000000000000000000000000 00000000010000000000000001001000
00000000000000000000000000000000 0 0 00000000000000000000000000000000 00000000010000000000000001001100
00000000000000000000000000000000 0 0 00000000000000000000000000000000 00000000010000000000000001010000
00000000000000000000000000000000 0 0 00000000000000000000000000000000 00000000010000000000000001000100
00000000000000000000000000000000 0 0 00000000000000000000000000000000 00000000010000000000000001001000
00000000000000000000000000000000 0 0 00000000000000000000000000000000 00000000010000000000000001001100
00000000000000000000000000000000 0 0 00000000000000000000000000000000 00000000010000000000000001010000
00000000000000000000000000000000 0 0 00000000000000000000000000000000 00000000010000000000000001000100
00000000000000000000000000000000 0 0 00000000000000000000000000000000 00000000010000000000000001001000
00000000000000000000000000000000 0 0 00000000000000000000000000000000 00000000010000000000000001001100
00000000000000000000000000000000 0 0 00000000000000000000000000000000 00000000010000000000000001010000
00000000000000000000000000000000 0 0 00000000000000000000000000000000 00000000010000000000000001000100
00000000000000000000000000000000 0 0 00000000000000000000000000000000 00000000010000000000000001001000
00000000000000000000000000000000 0 0 00000000000000000000000000000000 00000000010000000000000001001100
00000000000000000000000000000000 0 0 00000000000000000000000000000000 00000000010000000000000001010000
00000000000000000000000000000000 0 0 00000000000000000000000000000000 00000000010000000000000001000100
00000000000000000000000000000000 0 0 00000000000000000000000000000000 00000000010000000000000001001000
00000000000000000000000000000000 0 0 00000000000000000000000000000000 00000000010000000000000001001100
00000000000000000000000000000000 0 0 00000000000000000000000000000000 00000000010000000000000001010000
00000000000000000000000000000000 0 0 00000000000000000000000000000000 00000000010000000000000001000100
00000000000000000000000000000000 0 0 00000000000000000000000000000000 00000000010000000000000001001000
00000000000000000000000000000000 0 0 00000000000000000000000000000000 00000000010000000000000001001100
00000000000000000000000000000000 0 0 00000000000000000000000000000000 00000000010000000000000001010000
00000000000000000000000000000000 0 0 00000000000000000000000000000000 00000000010000000000000001000100
00000000000000000000000000000000 0 0 00000000000000000000000000000000 00000000010000000000000001001000
00000000000000000000000000000000 0 0 00000000000000000000000000000000 00000000010000000000000001001100
00000000000000000000000000000000 0 0 00000000000000000000000000000000 00000000010000000000000001010000
00000000000000000000000000000000 0 0 00000000000000000000000000000000 00000000010000000000000001000100
00000000000000000000000000000000 0 0 00000000000000000000000000000000 00000000010000000000000001001000
00000000000000000000000000000000 0 0 00000000000000000000000000000000 00000000010000000000000001001100
00000000000000000000000000000000 0 0 00000000000000000000000000000000 00000000010000000000000001010000
00000000000000000000000000000000 0 0 00000000000000000000000000000000 00000000010000000000000001000100
00000000000000000000000000000000 0 0 00000000000000000000000000000000 00000000010000000000000001001000
00000000000000000000000000000000 0 0 00000000000000000000000000000000 00000000010000000000000001001100
00000000000000000000000000000000 0 0 00000000000000000000000000000000 00000000010000000000000001010000
00000000000000000000000000000000 0 0 00000000000000000000000000000000 00000000010000000000000001000100
00000000000000000000000000000000 0 0 00000000000000000000000000000000 00000000010000000000000001001000
00000000000000000000000000000000 0 0 00000000000000000000000000000000 00000000010000000000000001001100
00000000000000000000000000000000 0 0 00000000000000000000000000000000 00000000010000000000000001010000
00000000000000000000000000000000 0 0 00000000000000000000000000000000 00000000010000000000000001000100
00000000000000000000000000000000 0 0 00000000000000000000000000000000 00000000010000000000000001001000
00000000000000000000000000000000 0 0 00000000000000000000000000000000 00000000010000000000000001001100
